114
26 3 16 12 3
36 4 18 8 11 13
39 3 1 12 3
7 5 4 19 1 1 10
240 13 13 19 5 11 16 9 7 20 15 3 19 18 15
274 15 12 2 8 14 8 16 1 3 14 10 8 14 12 8 12
112 11 14 6 17 8 8 5 3 19 20 7 17
91 6 14 11 19 20 9 8
137 9 9 9 7 14 1 10 11 15 11
39 12 14 17 12 5 15 1 12 4 14 9 1 4
278 14 7 11 3 3 5 11 6 10 6 16 2 8 18 16
24 10 18 16 6 6 7 10 1 13 19 5
175 14 14 19 18 17 14 20 3 20 17 4 9 4 3 18
95 8 2 18 13 15 18 2 4 12
102 11 7 8 6 11 6 20 10 9 2 1 12
125 13 12 9 16 5 13 12 13 7 1 14 8 1 18
179 13 10 7 4 14 6 7 12 10 5 8 3 13 6
37 10 15 5 15 1 10 1 4 6 9 9
199 11 11 1 9 1 1 18 6 16 11 1 17
64 6 19 19 17 3 18 10
106 11 9 15 17 3 3 14 19 8 16 16 10
77 8 9 5 19 8 10 8 15 20
116 6 7 17 4 2 2 18
159 9 18 14 6 11 11 10 7 4 4
23 12 17 10 14 16 11 1 14 16 2 8 15 1
197 13 3 4 11 6 11 18 2 6 20 15 19 20 1
135 11 14 5 4 15 4 16 8 17 13 4 11
30 14 6 1 18 9 7 19 15 19 16 14 18 17 9 16
41 7 15 5 10 17 16 6 9
124 8 7 11 9 10 7 15 12 19
32 7 5 9 17 8 8 19 18
4 10 7 8 14 17 10 8 7 8 12 15
239 12 8 6 19 20 11 2 15 14 17 14 4 14
92 6 14 15 17 13 5 10
230 14 5 15 13 17 15 18 17 20 9 20 20 9 19 5
199 15 5 20 2 1 5 4 3 17 20 20 5 20 19 18 3
213 11 9 3 20 4 4 20 12 18 14 17 14
65 8 4 8 14 2 2 5 20 17
151 10 4 3 20 15 11 19 16 20 18 17
208 11 9 7 2 13 3 14 6 2 18 5 6
123 11 6 17 2 20 17 19 5 5 9 9 14
195 12 2 12 6 7 5 15 16 8 6 13 10 11
85 13 5 2 11 3 12 2 10 15 14 3 16 8 10
246 14 16 3 18 5 17 19 15 5 10 18 17 13 20 13
218 12 11 16 9 12 1 5 16 13 8 7 18 3
126 7 14 7 18 9 6 8 20
22 11 15 12 11 7 19 12 16 9 8 18 3
106 10 12 12 3 20 7 15 20 4 13 6
58 10 5 9 2 18 12 2 15 18 16 4
222 12 19 20 2 12 19 16 9 9 9 6 1 1
110 6 2 15 15 4 18 5
96 7 6 17 5 19 7 6 14
41 14 16 14 14 2 15 4 19 11 9 8 20 6 3 6
202 11 17 17 20 9 16 9 8 5 14 2 12
69 7 5 17 1 8 8 20 14
103 8 3 7 6 11 15 4 1 9
126 10 16 14 14 2 18 19 20 20 13 14
78 10 8 9 13 4 5 3 18 8 15 1
69 7 2 4 6 7 10 16 7
65 14 10 9 4 9 1 19 17 10 1 12 10 17 7 4
13 11 4 18 13 13 5 7 17 19 2 14 13
176 14 2 15 11 10 20 7 6 1 14 1 2 17 13 20
220 11 3 5 5 13 2 16 18 10 3 3 9
194 12 3 13 3 5 6 7 3 11 10 20 9 12
158 14 10 1 5 11 10 11 11 5 15 18 8 1 16 4
223 13 8 19 10 13 8 6 11 6 8 14 14 19 9
91 8 3 5 14 16 11 17 11 12
87 7 14 8 10 10 11 9 19
193 10 17 15 15 10 3 13 8 13 18 1
53 6 6 19 17 20 8 7
75 10 15 15 19 4 20 14 20 10 20 6
104 11 1 6 13 8 17 5 11 15 1 20 15
58 7 19 13 5 5 20 11 19
216 13 18 13 8 20 7 11 11 18 14 4 8 20 9
71 15 13 10 5 5 11 17 10 11 13 8 20 5 16 13 7
49 13 4 12 10 4 17 13 14 8 8 20 5 16 4
107 13 16 19 10 19 20 7 11 10 17 13 19 19 15
130 10 8 20 6 13 1 14 8 19 7 16
181 15 12 20 12 12 1 19 11 3 20 12 14 8 9 14 2
54 10 11 20 4 12 8 12 18 17 19 15
45 6 20 17 8 13 8 14
266 15 2 13 18 1 12 18 15 5 16 14 20 17 7 8 16
161 15 14 16 14 19 18 10 18 16 17 4 20 7 20 20 18
140 12 6 12 14 4 8 18 18 11 3 7 9 6
8 12 5 15 13 4 5 15 8 9 11 2 3 20
111 6 9 10 8 14 16 12
77 6 2 15 2 18 10 9
116 7 15 11 11 14 11 8 17
107 14 5 18 17 19 11 18 15 17 20 9 18 16 8 7
48 15 4 4 17 2 7 4 19 17 17 10 4 13 9 15 16
49 14 19 8 6 11 16 17 4 18 2 17 19 3 14 6
47 9 8 11 6 15 13 15 10 2 18
226 12 19 16 13 7 14 2 13 17 18 15 16 20
79 15 1 10 3 11 15 12 19 12 18 12 2 2 20 18 3
129 12 12 12 1 12 3 5 18 3 5 3 17 20
56 11 14 15 19 9 4 9 6 3 6 7 16
200 10 9 7 12 7 11 7 5 3 4 16
221 15 18 3 12 17 1 14 8 3 19 4 8 14 7 18 19
41 9 18 7 2 20 2 1 19 16 19
204 12 19 10 5 13 4 1 16 14 14 20 9 10
123 11 20 5 1 12 12 19 16 7 7 15 18
167 10 10 13 3 4 6 10 12 20 8 7
5 8 18 17 3 12 20 10 13 12
186 14 13 16 17 5 9 20 20 11 14 13 10 4 17 1
2101 111 6 18 14 1 17 2 18 6 17 7 3 12 19 6 19 17 6 13 10 13 12 3 7 7 17 2 12 18 16 4 5 1 19 7 12 17 7 14 9 3 17 15 9 12 5 18 12 18 1 14 17 17 16 15 2 6 3 8 13 20 17 7 2 8 1 10 9 11 6 3 14 17 9 18 10 7 5 2 17 13 7 16 7 16 16 6 1 18 4 11 19 5 9 20 15 6 8 2 16 3 17 15 6 10 14 8 2 15 4 12 6
384 93 17 2 7 9 14 2 16 15 14 9 8 8 18 17 2 18 1 3 8 9 16 17 7 15 5 17 3 12 2 15 15 20 9 8 3 10 15 19 8 2 15 12 6 2 7 11 18 18 4 16 2 16 10 5 10 12 14 13 13 15 4 17 9 11 1 6 17 1 19 17 9 7 5 12 19 16 3 9 2 8 7 11 4 3 5 7 9 14 18 10 2 8 19
162 30 11 7 6 11 6 13 16 10 9 18 12 8 14 8 2 16 2 13 4 19 12 10 14 1 1 14 15 13 6 18
234 102 4 8 6 13 5 10 6 1 8 13 17 6 10 10 17 5 14 19 14 4 14 19 11 18 14 5 15 14 8 19 3 6 18 15 1 1 18 5 1 17 16 20 14 19 19 9 13 17 16 8 20 18 13 12 14 18 2 9 12 11 8 8 3 19 5 19 11 15 3 17 16 1 6 2 1 7 10 4 19 1 16 3 7 12 11 12 3 2 12 9 17 15 5 1 4 11 15 13 5 17 7 18
1263 136 14 20 14 1 16 17 15 15 20 6 14 6 14 17 6 14 19 2 18 10 16 5 13 8 13 10 14 8 6 18 13 8 5 13 18 8 7 9 19 2 18 6 14 5 19 11 3 14 13 11 1 4 1 19 7 14 16 7 19 4 3 20 3 3 1 6 5 11 15 19 20 9 4 1 11 11 15 9 13 9 12 11 6 6 15 12 14 16 8 4 10 11 2 12 18 15 11 7 11 16 3 5 8 7 16 7 5 11 13 18 1 13 14 18 9 20 18 14 19 4 18 1 12 2 7 9 18 20 8 14 19 14 15 17 11 15
355 24 6 8 3 2 3 14 15 15 2 10 6 4 18 18 17 13 15 8 18 20 15 12 12 20
299 27 8 12 15 10 3 5 14 15 14 2 8 7 12 10 3 2 13 14 4 8 11 15 2 18 18 14 4
1570 101 13 16 4 5 15 9 4 8 11 6 11 5 16 20 17 1 5 5 6 16 4 15 17 20 4 10 10 13 4 10 11 8 20 9 2 9 19 12 2 14 20 2 3 10 12 18 10 12 11 8 20 18 10 6 19 4 9 3 10 17 3 18 14 9 2 18 18 11 16 4 13 1 10 16 10 17 1 18 5 17 7 20 4 5 13 9 12 12 16 5 15 10 1 3 10 19 13 11 17 14 6
972 97 6 5 17 12 3 3 17 7 19 11 2 16 1 19 16 17 14 15 15 13 2 11 9 7 2 4 11 14 20 15 20 4 14 20 3 4 19 19 19 1 16 20 16 16 3 7 8 9 16 11 5 19 14 16 12 20 15 7 13 20 8 3 3 18 13 14 10 17 2 12 12 11 1 4 12 11 8 2 8 18 5 17 20 17 14 2 1 18 19 13 7 16 2 7 5 17 2
1181 127 5 14 18 12 13 18 3 5 1 10 19 3 15 10 7 8 1 4 13 14 5 20 1 4 6 20 19 15 12 18 12 3 12 11 10 4 8 6 9 13 3 3 13 11 20 8 6 5 15 5 7 13 10 11 6 7 11 14 7 6 15 6 13 15 11 9 13 9 17 17 17 14 9 15 8 4 19 3 1 14 20 17 11 8 19 15 5 14 16 19 16 9 8 14 16 2 11 14 11 19 7 13 4 18 20 5 18 3 11 12 1 12 19 15 4 5 19 10 6 11 13 11 13 19 12 4 17
